8,5,80
6,2,80
2,6,80
10,8,80
6,1,80
5,2,80
5,4,80
1,3,80
3,7,80
6,11,80
7,2,80
1,6,80
10,3,80
8,10,80
1,6,80
3,8,80
1,5,80
7,5,80
7,11,80
9,3,80
6,3,80
5,10,80
9,7,80
1,2,80
3,6,80
6,1,80
9,6,80
7,1,80
1,2,80
7,5,80
3,2,80
10,11,80
7,5,80
1,6,80
6,7,80
10,4,80
8,4,80
3,1,80
6,3,80
9,8,80
2,9,80
6,8,80
2,11,80
11,5,80
1,3,80
6,11,80
7,3,80
6,9,80
1,9,80
3,9,80
5,7,80
8,1,80
1,3,80
9,11,80
1,5,80
3,2,80
5,6,80
8,4,80
4,7,80
10,11,80
4,10,80
3,1,80
8,3,80
1,11,80
3,9,80
8,4,80
9,5,80
5,1,80
5,6,80
8,4,80
6,2,80
4,11,80
1,8,80
1,3,80
5,9,80
2,9,80
8,7,80
7,6,80
6,7,80
4,5,80
11,1,80
1,6,80
4,6,80
4,6,80
9,4,80
1,8,80
4,3,80
9,10,80
7,4,80
5,2,80
8,6,80
9,3,80
8,9,80
8,9,80
5,4,80
11,1,80
7,11,80
11,7,80
1,2,80
9,2,80
11,9,80
3,11,80
8,11,80
6,9,80
9,6,80
5,10,80
4,9,80
1,5,80
6,4,80
8,7,80
8,4,80
2,8,80
5,8,80
11,7,80
11,5,80
1,9,80
5,7,80
2,9,80
6,7,80
2,6,80
5,3,80
6,9,80
1,11,80
8,7,80
5,9,80
3,10,80
7,8,80
6,1,80
9,10,80
10,5,80
3,6,80
3,2,80
6,8,80
10,1,80
5,4,80
8,2,80
4,3,80
5,4,80
3,4,80
7,6,80
4,2,80
8,2,80
5,9,80
6,10,80
11,8,80
2,9,80
2,10,80
2,11,80
3,9,80
9,4,80
