7,4,80
11,1,80
3,6,80
5,11,80
10,2,80
5,3,80
2,6,80
4,7,80
7,4,80
11,1,80
9,6,80
9,4,80
7,11,80
3,5,80
11,1,80
8,4,80
2,5,80
11,7,80
8,10,80
2,5,80
5,1,80
5,4,80
5,1,80
5,4,80
2,11,80
3,2,80
1,11,80
6,11,80
1,3,80
10,6,80
11,10,80
1,7,80
9,2,80
10,2,80
2,5,80
10,2,80
11,7,80
10,5,80
6,3,80
4,9,80
6,11,80
7,1,80
4,8,80
10,7,80
10,9,80
1,10,80
8,3,80
9,5,80
11,2,80
10,9,80
7,2,80
3,1,80
7,6,80
6,4,80
9,8,80
5,7,80
7,3,80
5,4,80
5,6,80
7,9,80
3,5,80
11,6,80
2,11,80
10,4,80
3,5,80
6,9,80
7,4,80
1,5,80
9,5,80
2,1,80
4,10,80
11,2,80
9,8,80
3,10,80
10,6,80
5,2,80
10,7,80
8,6,80
10,11,80
11,9,80
7,9,80
11,2,80
3,1,80
5,8,80
8,5,80
6,7,80
5,4,80
10,8,80
9,10,80
7,1,80
4,10,80
2,9,80
7,6,80
5,6,80
2,11,80
8,5,80
3,5,80
1,4,80
4,11,80
5,8,80
