5,7,150
7,5,120
1,2,90
3,6,60
1,4,120
4,9,120
9,10,60
4,10,150
4,8,180
7,3,180
9,3,60
3,2,150
6,8,60
6,7,60
7,11,150
8,5,60
9,6,60
3,5,150
3,2,180
7,4,150
8,7,60
6,2,90
2,5,150
9,1,60
7,2,90
9,1,180
8,3,60
3,10,180
4,3,150
9,5,60
2,1,180
6,8,180
3,8,60
6,8,150
8,2,60
2,4,60
10,6,60
4,3,120
11,9,120
8,11,120
5,3,120
6,4,90
4,7,180
1,8,120
4,8,60
4,6,120
3,10,60
8,1,180
6,8,120
5,7,90
9,5,90
10,9,120
1,7,120
2,1,180
11,9,60
2,11,90
6,3,150
9,7,180
3,9,120
3,7,120
11,6,150
10,8,150
11,9,120
9,4,150
9,3,180
7,1,90
7,8,90
2,6,60
9,2,180
7,11,60
5,4,180
7,3,180
9,5,180
1,8,90
7,6,150
2,11,60
9,4,90
9,8,60
6,10,90
10,2,60
3,8,180
6,1,60
6,7,120
1,2,180
3,4,120
11,6,90
11,2,60
2,6,90
7,11,60
5,7,150
10,8,90
8,2,180
4,8,90
2,9,120
8,2,150
3,2,120
4,3,150
9,10,90
7,1,150
2,3,120
11,10,180
10,8,60
10,2,120
2,4,120
8,11,180
9,4,150
2,11,180
8,3,150
8,9,60
6,9,90
1,4,90
2,7,90
5,4,150
6,4,150
1,4,120
2,8,120
9,1,180
1,11,60
3,7,90
9,2,150
10,4,120
4,3,180
8,2,180
1,3,150
6,11,90
6,11,150
5,2,120
2,4,60
4,2,120
4,10,150
11,4,90
8,2,150
5,1,60
5,4,150
1,2,120
1,4,120
2,9,180
9,2,150
9,1,90
9,4,60
7,6,90
9,3,120
6,8,60
5,4,90
8,4,90
2,1,60
9,6,150
3,1,120
5,3,120
3,6,180
10,1,60
5,8,180
1,6,90
7,3,180
11,10,60
5,4,120
8,4,150
6,1,180
5,2,150
7,5,90
9,7,90
6,8,120
1,2,60
7,4,120
10,8,90
7,10,180
11,10,150
7,4,90
4,6,180
1,8,120
9,4,150
11,2,150
6,7,180
11,9,150
3,4,150
1,4,90
7,4,180
6,2,150
8,9,60
2,6,120
9,11,90
1,2,180
5,1,90
9,8,120
1,5,120
4,3,180
3,7,60
8,5,150
8,10,120
4,3,150
9,7,60
7,2,150
2,6,120
3,11,150
11,3,120
4,6,120
11,4,180
4,10,180
3,5,180
11,5,60
