6,7,150
2,10,180
6,10,120
5,11,120
10,9,60
11,4,120
3,11,150
5,8,60
2,10,90
7,9,180
7,2,150
1,7,180
5,2,60
4,2,60
9,4,120
5,8,90
11,4,150
7,10,60
8,4,120
2,1,60
10,9,60
10,1,60
9,7,90
10,11,60
9,4,180
9,5,60
9,5,120
1,9,180
9,3,90
3,2,60
4,8,120
9,3,90
4,5,120
11,8,120
7,8,180
9,5,150
7,5,60
4,7,150
7,11,180
7,10,150
6,9,90
7,1,180
8,7,150
4,3,150
2,3,120
8,4,90
4,5,90
5,7,120
4,2,60
3,10,60
4,7,120
7,11,180
11,7,150
10,11,180
11,6,120
11,2,180
6,11,90
3,4,90
6,3,180
3,8,60
4,3,60
5,9,150
5,1,120
5,8,90
3,8,120
3,11,180
11,5,60
10,1,150
3,5,120
1,9,150
6,7,90
9,7,120
3,8,120
1,7,90
2,6,60
2,6,90
4,8,90
11,5,150
4,3,180
3,6,180
2,5,120
10,3,180
1,5,180
8,5,60
8,9,60
8,11,150
10,4,150
11,6,150
4,2,90
9,11,90
11,7,150
9,11,90
11,9,180
10,9,90
2,10,180
7,5,180
8,3,120
6,5,150
6,3,90
9,10,180
2,11,180
5,1,180
10,6,90
4,11,90
5,11,90
5,7,150
1,3,90
2,6,120
10,7,150
9,6,90
5,3,60
1,8,120
8,4,120
4,9,120
8,6,60
8,11,180
11,3,150
3,8,90
9,8,60
3,9,120
4,7,150
9,4,90
4,3,120
6,4,60
11,2,90
6,9,60
11,6,90
8,4,180
9,10,150
7,10,90
9,4,120
7,10,90
5,9,180
10,8,180
5,11,150
4,8,90
6,8,180
10,11,180
10,5,180
10,2,150
10,11,150
7,1,60
11,2,150
4,5,150
3,2,90
6,7,150
6,7,90
3,8,90
2,5,90
11,2,120
1,3,60
8,9,90
6,10,90
4,2,90
6,7,180
9,6,90
10,7,60
10,6,90
4,6,150
5,8,60
2,3,90
6,5,180
2,11,90
3,4,60
5,9,180
7,3,60
4,2,120
9,7,180
5,4,180
9,8,120
3,1,90
6,1,120
7,1,180
8,9,60
3,4,90
7,6,180
11,9,180
11,8,180
8,5,150
6,4,60
7,11,60
8,4,60
11,5,60
6,8,120
5,6,90
8,5,120
9,10,60
1,4,60
3,10,90
3,11,180
8,2,60
8,10,90
4,3,120
1,10,60
1,3,120
5,1,60
11,3,90
11,6,180
5,10,90
8,1,120
8,6,90
10,9,180
8,7,90
10,4,60
3,1,150
8,9,150
9,2,60
4,10,90
5,2,150
6,2,90
5,11,180
4,5,60
10,11,180
8,5,90
4,3,120
9,6,60
8,7,150
3,8,150
3,6,150
1,8,150
7,10,180
10,4,150
9,3,120
9,2,150
2,10,120
5,10,180
11,5,120
10,11,120
8,2,120
9,2,120
4,8,60
5,1,150
2,7,60
9,4,60
3,11,90
2,5,120
7,6,120
7,4,60
2,6,120
10,6,90
9,4,120
9,7,90
6,9,90
5,2,90
6,11,150
3,7,90
8,3,90
1,11,120
11,6,150
8,1,90
1,4,120
3,9,180
8,5,60
4,5,60
2,10,90
8,3,180
11,9,120
7,1,180
7,10,120
6,7,120
3,1,120
5,7,90
9,1,90
1,7,90
1,5,150
7,6,150
4,3,150
1,4,60
7,3,180
4,11,180
5,9,60
7,6,120
5,4,180
10,6,150
10,8,150
4,10,60
3,9,90
2,4,90
3,7,60
4,1,90
8,3,60
2,1,60
5,8,150
5,1,180
10,2,180
8,2,90
1,4,150
3,10,120
1,11,90
8,10,60
1,9,90
11,1,60
5,11,120
1,6,60
10,6,90
5,10,90
9,1,120
1,11,150
10,1,90
2,4,60
