7,8,150
10,11,180
10,2,180
2,6,120
5,10,180
7,4,150
1,10,150
3,9,150
7,2,90
2,6,180
4,8,180
1,8,180
1,4,90
5,6,150
5,3,90
10,8,150
6,7,90
11,3,150
7,1,120
5,3,90
7,11,180
3,1,90
2,1,120
5,3,90
6,8,60
2,3,90
6,4,180
5,2,60
5,10,120
6,11,150
6,9,150
9,4,90
6,7,180
5,2,90
1,2,150
8,5,180
11,2,150
3,1,60
8,7,120
1,3,60
5,7,90
5,1,60
10,11,150
8,5,180
11,8,90
11,4,180
3,10,150
9,2,60
6,9,60
3,6,120
6,10,60
2,9,180
11,7,150
1,9,120
6,4,180
1,10,150
1,8,90
1,8,120
5,6,90
7,4,150
5,7,90
2,4,120
1,6,150
2,10,180
2,9,90
4,7,150
10,9,90
11,4,120
4,2,180
7,2,180
10,11,90
10,8,180
1,4,120
8,2,90
11,3,90
3,5,180
11,4,180
11,4,60
10,9,150
9,6,120
1,5,180
11,1,90
3,6,150
2,5,60
8,2,60
9,3,180
9,3,180
4,5,90
6,3,180
10,8,180
7,5,180
6,3,180
10,5,150
1,7,120
5,7,90
3,4,150
6,8,180
3,5,90
9,6,180
2,1,90
