10,8,120
11,3,60
4,1,60
8,1,150
4,5,180
7,6,150
6,3,150
7,11,60
2,10,120
2,7,90
6,5,150
8,9,60
3,1,90
2,11,60
7,9,60
10,4,150
10,9,180
3,7,120
6,1,180
6,4,150
11,6,60
8,1,180
1,8,60
9,3,150
11,4,120
8,3,180
10,5,150
11,3,60
1,3,60
8,9,150
5,11,60
11,1,90
9,10,120
4,2,150
3,6,180
6,9,90
4,11,60
6,4,120
8,3,60
3,9,180
3,6,120
2,6,120
11,4,180
4,6,150
3,7,60
7,11,90
6,8,90
11,7,60
6,11,150
7,8,180
11,7,150
4,5,150
4,5,60
9,1,120
3,10,60
7,6,120
6,8,120
6,5,150
3,9,150
7,11,60
5,6,60
4,8,90
4,1,180
11,8,60
4,6,180
4,2,180
2,10,120
8,2,60
2,3,150
8,5,180
7,1,150
10,11,90
7,5,180
8,4,180
7,5,90
11,4,60
1,10,90
6,9,180
10,3,60
2,6,90
9,10,120
3,10,180
4,1,120
3,11,120
1,9,180
11,6,60
6,8,150
5,8,150
9,6,90
3,2,180
1,4,150
7,8,120
8,10,150
7,8,180
9,1,120
10,8,180
2,11,150
11,8,150
5,9,150
8,10,150
6,3,150
4,1,60
3,11,60
5,7,90
2,4,120
1,5,90
2,6,120
3,1,120
3,2,180
9,3,120
1,3,60
1,11,180
8,10,150
9,11,90
3,6,90
11,9,150
6,4,60
2,9,150
6,4,90
4,6,180
9,1,60
11,2,60
3,5,90
5,8,150
6,2,180
5,2,120
5,1,90
2,11,60
6,3,60
8,3,90
11,2,150
4,8,60
3,10,180
4,10,90
6,3,60
2,10,90
8,1,120
4,1,180
7,1,90
5,9,90
5,1,180
10,9,180
11,5,180
8,4,90
1,10,180
6,11,150
10,4,90
6,1,150
8,5,120
8,10,180
