12,8,80
10,13,80
10,4,80
3,2,80
11,12,80
3,6,80
8,7,80
9,4,80
8,9,80
1,14,80
12,7,80
8,5,80
9,1,80
7,1,80
4,5,80
7,1,80
8,14,80
9,2,80
9,4,80
2,8,80
9,8,80
8,12,80
12,9,80
3,9,80
11,9,80
6,13,80
1,9,80
4,7,80
1,2,80
8,13,80
3,14,80
1,8,80
7,8,80
1,6,80
10,8,80
11,10,80
2,3,80
5,10,80
11,3,80
5,9,80
14,9,80
6,10,80
10,13,80
7,14,80
7,9,80
6,14,80
5,13,80
11,4,80
3,7,80
1,10,80
5,14,80
3,6,80
14,10,80
3,7,80
8,3,80
8,10,80
6,5,80
4,13,80
4,14,80
10,11,80
7,1,80
11,2,80
10,5,80
11,1,80
2,12,80
2,12,80
12,14,80
11,14,80
13,10,80
11,7,80
13,14,80
7,13,80
1,14,80
1,13,80
11,10,80
6,4,80
4,1,80
13,11,80
14,10,80
9,6,80
2,6,80
11,12,80
9,13,80
7,10,80
5,6,80
6,10,80
6,4,80
13,7,80
3,4,80
3,7,80
13,7,80
1,10,80
7,2,80
9,2,80
2,14,80
3,14,80
7,11,80
11,8,80
5,1,80
6,5,80
11,13,80
4,3,80
14,5,80
1,14,80
1,7,80
13,11,80
5,14,80
7,5,80
4,12,80
3,6,80
10,5,80
13,1,80
3,13,80
9,13,80
9,10,80
9,12,80
10,1,80
10,3,80
2,5,80
3,1,80
14,4,80
14,2,80
2,14,80
14,6,80
14,7,80
3,1,80
8,10,80
10,12,80
14,3,80
13,4,80
8,1,80
2,4,80
14,3,80
9,11,80
5,2,80
10,3,80
14,4,80
14,1,80
14,9,80
3,6,80
2,11,80
12,10,80
11,12,80
14,11,80
6,1,80
6,9,80
4,11,80
6,13,80
4,1,80
10,8,80
