14,12,150
5,10,150
9,8,90
2,9,120
6,13,150
11,10,60
14,9,60
3,11,180
3,8,90
10,14,150
11,8,180
8,6,90
3,14,60
9,10,90
5,12,120
14,1,150
7,2,120
11,9,120
13,4,60
14,3,60
11,1,90
6,9,150
9,5,150
12,8,150
9,11,120
4,13,120
9,10,60
11,9,150
13,12,60
4,1,150
7,3,180
13,7,120
4,14,90
4,6,180
12,11,60
9,13,180
2,4,150
2,4,120
11,10,60
10,11,150
12,13,180
13,12,90
6,4,90
11,4,90
9,13,180
8,7,60
14,5,60
14,10,150
3,13,120
6,14,120
9,10,90
11,4,120
12,3,120
4,9,120
5,7,150
7,3,180
8,5,90
10,12,90
7,5,120
1,4,60
2,3,120
8,6,60
7,11,180
1,11,120
11,5,180
8,11,150
10,5,90
2,4,120
8,7,90
11,6,60
8,11,60
10,6,90
11,12,180
13,6,120
5,11,60
9,13,180
5,2,150
14,6,150
7,2,90
3,11,120
1,3,150
1,2,150
1,11,150
2,8,120
7,5,120
8,4,120
12,4,90
5,6,60
9,8,180
6,7,90
8,9,180
6,4,90
8,2,150
12,9,180
3,12,90
8,3,90
2,13,120
5,7,120
11,2,120
12,7,180
9,1,120
6,10,180
3,14,180
8,14,120
4,14,60
8,14,90
6,2,90
5,12,150
7,8,120
12,8,60
8,4,60
5,9,90
11,14,150
14,5,90
2,3,90
2,3,180
3,8,180
1,14,120
5,13,180
14,8,60
11,5,150
3,10,150
8,14,90
14,7,150
14,10,120
14,3,120
7,9,90
13,5,60
6,11,60
14,8,90
2,12,150
7,14,90
13,3,120
7,6,60
8,9,180
14,13,120
9,3,60
12,13,150
6,10,60
14,7,120
5,4,180
3,5,90
2,12,150
8,12,180
6,4,90
9,11,60
13,10,60
6,5,60
1,12,180
6,2,60
8,13,180
6,12,180
1,7,60
2,13,180
3,12,60
3,9,180
11,12,120
11,8,150
11,10,60
9,4,180
14,2,180
9,11,150
14,6,150
12,7,150
3,10,60
13,14,150
4,13,90
9,10,150
2,8,90
9,8,180
14,2,150
14,8,90
11,5,120
14,2,60
5,2,150
12,5,60
5,3,90
3,5,180
12,10,150
4,13,120
11,3,150
13,6,120
8,10,150
12,14,90
12,4,180
3,2,60
8,6,150
6,5,150
2,14,60
9,3,150
5,12,120
11,13,90
10,2,150
7,14,150
14,5,180
9,3,90
13,9,180
5,3,150
1,12,180
5,9,150
