11,7,120
4,14,180
9,10,60
11,2,90
5,10,150
5,7,180
3,9,60
13,5,180
11,12,90
11,4,60
8,11,180
6,14,60
8,6,60
12,3,150
2,3,90
11,5,90
9,12,90
2,4,90
3,2,60
4,9,90
6,1,150
11,10,90
9,4,90
8,4,60
13,3,150
6,3,60
9,11,180
12,10,120
2,5,60
13,5,120
14,9,60
10,5,180
13,7,120
11,14,60
10,1,180
1,2,150
14,4,90
13,9,150
9,7,180
4,6,180
6,7,120
3,10,120
3,13,90
8,3,90
9,14,120
5,8,150
5,11,180
5,1,60
8,6,180
7,1,120
8,6,60
5,9,90
11,1,120
3,4,180
1,13,150
12,4,60
1,7,150
8,14,90
4,8,90
12,7,60
7,5,180
9,1,180
13,11,150
8,13,90
8,2,90
2,14,150
11,7,150
9,5,90
13,2,90
14,9,150
12,11,180
12,10,120
2,6,150
1,6,150
6,3,60
7,12,120
14,6,120
7,10,90
13,3,180
10,14,120
3,5,180
6,3,90
8,11,180
4,1,150
10,9,120
1,3,150
9,4,180
8,4,180
3,6,90
2,6,90
3,13,150
9,6,60
8,14,90
2,9,150
4,14,60
7,6,60
6,8,90
2,1,120
2,14,180
3,9,180
5,10,90
1,9,180
13,6,120
13,4,180
10,6,120
7,2,120
3,5,60
10,11,60
8,3,120
7,6,90
6,10,150
5,11,150
1,4,180
10,2,150
8,11,120
5,8,120
5,9,90
11,1,150
10,12,90
9,11,120
9,13,120
5,6,60
10,9,150
12,11,60
10,9,150
3,8,180
7,5,60
5,11,60
5,10,60
6,2,180
10,4,180
13,5,60
4,3,150
6,1,60
1,9,180
5,6,60
8,10,90
9,2,60
5,13,60
1,10,120
12,5,120
8,7,120
8,13,180
4,13,150
12,11,150
9,11,60
5,14,60
12,1,60
14,1,120
4,13,150
