11,7,80
6,10,80
6,8,80
10,8,80
7,9,80
10,6,80
8,13,80
12,1,80
9,8,80
13,9,80
3,6,80
9,5,80
5,10,80
12,4,80
2,7,80
1,10,80
10,3,80
2,6,80
9,8,80
3,4,80
6,11,80
14,10,80
2,14,80
3,2,80
14,3,80
8,12,80
10,5,80
1,9,80
6,9,80
7,4,80
3,5,80
7,3,80
6,2,80
9,10,80
2,10,80
12,4,80
8,14,80
9,4,80
1,2,80
5,14,80
14,3,80
6,13,80
10,2,80
1,7,80
4,9,80
10,3,80
7,5,80
9,6,80
7,2,80
12,5,80
2,9,80
9,7,80
3,9,80
4,14,80
12,1,80
8,11,80
3,9,80
6,10,80
12,7,80
9,8,80
12,7,80
14,8,80
2,5,80
12,10,80
14,10,80
10,8,80
10,6,80
1,7,80
8,13,80
4,3,80
10,13,80
1,11,80
10,8,80
7,14,80
8,4,80
6,13,80
1,5,80
14,3,80
4,9,80
1,5,80
10,12,80
13,6,80
7,2,80
8,1,80
2,12,80
9,1,80
5,12,80
3,11,80
11,4,80
3,11,80
2,14,80
8,5,80
9,13,80
5,11,80
3,4,80
14,6,80
13,5,80
13,4,80
1,2,80
11,14,80
14,3,80
3,1,80
12,13,80
12,7,80
5,6,80
9,2,80
12,4,80
7,5,80
4,13,80
12,1,80
3,11,80
2,9,80
7,3,80
1,10,80
2,10,80
2,11,80
7,10,80
1,10,80
8,11,80
14,13,80
11,5,80
10,3,80
1,11,80
11,6,80
2,6,80
10,8,80
11,5,80
11,7,80
13,5,80
14,12,80
4,5,80
1,3,80
2,6,80
14,3,80
6,10,80
6,7,80
2,3,80
10,1,80
6,9,80
4,13,80
2,4,80
13,3,80
8,1,80
13,11,80
2,4,80
1,7,80
11,9,80
7,14,80
7,13,80
10,5,80
13,5,80
10,14,80
11,1,80
4,7,80
13,1,80
2,8,80
11,7,80
8,3,80
2,14,80
8,13,80
7,12,80
10,7,80
2,9,80
6,7,80
8,13,80
7,9,80
4,12,80
7,11,80
11,3,80
7,3,80
3,14,80
14,9,80
6,2,80
14,4,80
1,3,80
13,12,80
3,14,80
4,3,80
2,11,80
8,7,80
12,2,80
13,6,80
14,9,80
9,1,80
6,3,80
4,8,80
14,4,80
13,10,80
4,12,80
14,1,80
10,14,80
7,13,80
2,14,80
12,14,80
7,11,80
9,8,80
14,10,80
8,5,80
6,12,80
7,3,80
7,13,80
1,14,80
1,14,80
5,14,80
1,3,80
8,4,80
3,5,80
8,4,80
3,10,80
10,6,80
13,4,80
1,5,80
14,4,80
8,13,80
10,5,80
7,8,80
1,9,80
9,12,80
6,1,80
7,3,80
13,7,80
8,13,80
5,9,80
13,11,80
8,3,80
13,3,80
13,11,80
1,5,80
2,1,80
4,12,80
11,9,80
2,12,80
3,9,80
1,9,80
8,9,80
12,6,80
8,6,80
10,13,80
7,1,80
6,14,80
2,5,80
14,12,80
2,8,80
12,13,80
11,14,80
6,8,80
5,14,80
13,3,80
14,5,80
1,10,80
8,4,80
8,2,80
10,7,80
1,12,80
5,2,80
1,5,80
14,7,80
3,12,80
3,1,80
5,6,80
3,1,80
12,5,80
3,11,80
1,3,80
5,8,80
6,9,80
7,13,80
1,8,80
4,9,80
4,11,80
13,11,80
10,13,80
4,5,80
11,5,80
11,2,80
2,14,80
13,1,80
1,10,80
7,13,80
5,9,80
13,4,80
1,12,80
9,1,80
5,14,80
8,9,80
9,4,80
7,12,80
7,14,80
14,6,80
3,8,80
11,10,80
1,7,80
1,3,80
7,9,80
10,3,80
14,1,80
5,13,80
5,13,80
10,2,80
1,11,80
