13,4,80
9,10,80
6,3,80
1,2,80
14,9,80
14,12,80
7,4,80
5,12,80
10,1,80
13,4,80
12,3,80
5,9,80
11,9,80
4,6,80
6,1,80
3,13,80
6,13,80
6,2,80
7,10,80
14,4,80
3,9,80
14,3,80
11,2,80
8,4,80
8,14,80
6,11,80
9,3,80
14,8,80
14,1,80
8,2,80
10,7,80
11,13,80
9,6,80
4,8,80
10,12,80
3,6,80
6,11,80
14,8,80
7,8,80
2,9,80
8,7,80
14,10,80
11,12,80
5,7,80
3,7,80
6,14,80
13,10,80
7,11,80
9,11,80
9,5,80
10,13,80
9,7,80
4,14,80
8,13,80
4,13,80
9,1,80
11,12,80
11,13,80
12,3,80
6,10,80
11,6,80
11,12,80
7,3,80
11,1,80
4,6,80
14,5,80
9,5,80
2,13,80
9,11,80
6,12,80
8,13,80
5,7,80
14,6,80
3,2,80
10,2,80
3,7,80
13,4,80
11,9,80
7,14,80
7,12,80
1,9,80
8,7,80
4,8,80
10,13,80
7,12,80
3,4,80
10,4,80
1,9,80
4,8,80
11,3,80
6,5,80
7,9,80
12,9,80
9,14,80
5,2,80
9,12,80
10,7,80
8,5,80
7,14,80
14,1,80
