3,4,90
6,3,120
7,13,150
11,2,180
9,4,180
11,14,120
5,8,60
1,9,90
7,6,90
5,4,90
12,7,60
8,1,120
7,9,180
13,14,180
11,8,150
8,1,180
3,8,150
11,8,150
13,8,150
1,13,180
6,5,180
13,8,90
4,9,60
12,14,180
14,12,180
2,11,90
5,12,180
4,6,120
5,11,150
2,5,90
6,8,60
8,6,150
8,4,120
10,8,180
13,7,90
1,3,150
12,9,60
10,6,150
10,2,60
2,1,150
1,14,150
1,2,150
8,4,120
13,8,90
9,12,180
8,14,120
1,3,60
5,2,180
6,4,180
1,11,120
11,10,150
13,9,90
11,9,150
9,14,150
13,8,60
7,12,120
13,4,120
7,12,90
13,2,90
1,5,180
12,9,150
7,4,150
7,3,90
3,2,60
4,13,150
5,8,150
13,14,120
9,8,60
11,7,120
9,4,90
14,3,150
4,5,180
3,9,120
14,9,90
1,9,180
8,11,120
8,5,120
10,4,90
2,14,150
6,13,60
7,12,90
2,6,120
11,3,150
1,9,120
10,9,120
5,6,60
6,11,60
6,5,180
12,13,150
4,2,150
12,1,120
7,14,60
14,8,180
13,5,180
2,12,60
1,2,180
10,12,150
3,10,150
7,4,120
8,3,120
