9,4,150
1,12,90
9,7,90
6,1,180
9,6,60
9,1,90
1,7,90
10,12,180
8,11,150
12,11,180
14,7,180
12,3,150
5,13,60
6,13,60
1,12,180
6,14,90
11,7,180
8,3,90
6,3,150
13,4,120
8,9,90
8,1,120
6,12,120
4,2,150
12,9,90
10,8,180
4,14,60
14,2,60
10,13,180
1,11,60
13,5,120
3,10,150
14,7,90
10,5,60
3,14,60
6,1,150
1,6,60
8,4,60
14,6,150
3,9,60
3,9,120
10,13,60
4,5,120
13,8,120
4,1,90
1,10,60
13,3,60
9,12,180
5,1,90
14,12,90
3,4,120
6,5,180
2,9,150
9,6,180
4,13,180
6,1,150
6,3,120
10,14,90
11,6,120
2,3,180
4,9,90
13,8,150
4,1,60
2,10,180
7,10,150
7,13,60
5,8,90
8,7,150
5,1,60
12,3,120
9,12,120
3,9,120
13,11,90
5,7,150
5,13,150
4,10,90
5,2,180
6,14,150
4,14,120
12,5,120
12,1,150
14,6,180
8,12,150
2,10,180
5,4,150
1,7,150
14,11,90
13,12,180
6,3,180
14,3,60
12,10,90
4,6,60
11,8,60
14,13,90
13,1,90
10,13,120
12,7,90
6,11,60
9,4,150
2,12,120
4,11,120
8,2,60
13,2,60
6,1,60
9,11,90
9,3,180
1,11,90
6,8,120
14,3,150
10,11,90
4,11,180
8,5,90
9,5,90
10,9,90
7,1,120
7,4,60
11,10,150
14,8,150
4,14,150
10,4,60
4,9,120
11,13,180
4,13,150
3,5,150
3,9,60
12,8,60
8,9,60
9,6,90
10,5,60
3,9,180
5,9,60
11,13,120
2,7,90
8,4,120
14,6,150
8,3,180
3,10,150
6,3,60
3,11,180
12,4,180
13,8,180
8,2,60
8,11,150
12,8,90
5,10,150
14,12,150
14,8,120
12,11,90
1,12,60
6,3,60
9,11,150
10,4,60
3,9,120
4,10,180
1,7,150
10,3,150
12,8,90
3,14,90
5,12,180
11,1,60
13,7,150
9,8,90
13,9,150
12,4,150
8,1,180
2,10,120
6,2,60
6,12,150
5,14,90
2,11,180
11,10,120
10,6,90
2,13,150
12,1,150
10,8,120
8,1,120
2,6,90
12,8,90
9,12,150
4,13,150
7,9,180
10,5,60
13,5,150
2,4,150
10,14,120
10,6,90
10,7,90
8,3,120
13,10,150
9,2,90
7,8,60
9,10,90
9,6,150
3,6,180
9,3,150
7,2,90
3,1,90
13,9,180
4,11,60
8,10,60
11,3,120
8,12,150
2,3,180
6,9,120
6,12,180
8,11,150
13,12,120
10,7,120
6,4,150
9,12,120
7,13,120
9,3,150
10,8,180
9,5,120
5,4,60
7,5,150
2,14,90
5,8,90
1,4,60
5,6,120
2,1,60
5,13,180
12,1,180
12,9,90
6,1,60
11,8,180
12,8,180
9,13,120
5,7,120
1,5,90
11,9,90
12,11,150
14,8,180
2,6,150
12,13,60
6,3,120
10,12,180
2,6,180
12,1,180
13,4,90
1,8,180
13,4,120
6,8,60
6,14,60
14,11,60
8,3,90
10,11,150
1,13,180
8,12,150
7,14,120
2,3,180
6,10,150
11,9,60
11,5,180
1,2,180
8,5,180
7,8,180
12,4,90
11,10,150
7,3,90
14,5,120
9,12,120
8,3,120
2,14,150
3,11,90
14,11,180
9,7,60
12,2,180
6,1,150
3,1,150
8,11,150
1,10,90
9,2,180
5,7,180
12,6,180
8,10,90
10,7,150
7,5,90
8,14,60
1,3,180
3,1,120
3,10,120
4,3,180
2,8,180
4,9,90
4,10,180
2,8,150
12,14,150
6,12,60
3,9,60
6,2,60
11,7,150
9,3,150
11,13,120
7,14,60
3,14,180
1,13,90
1,10,60
13,5,60
8,5,90
