8,12,120
3,4,90
1,12,120
5,9,180
1,7,180
13,9,120
1,10,90
2,6,150
6,13,60
1,2,90
7,5,120
9,7,150
12,3,180
3,13,150
4,3,90
9,8,120
2,1,90
2,1,120
13,8,60
5,13,120
9,3,60
6,2,150
12,3,60
9,5,90
8,2,60
9,1,150
10,7,60
13,6,120
3,10,120
4,1,60
13,7,150
13,1,90
11,7,90
10,8,120
12,10,120
9,10,120
8,7,120
12,6,90
10,5,150
11,5,120
9,10,90
9,6,120
7,13,90
13,4,60
9,13,180
13,10,90
1,3,150
8,1,90
3,6,90
13,14,120
6,7,150
7,1,120
11,3,90
11,12,90
11,3,150
5,9,150
4,11,90
13,10,150
5,7,180
4,14,120
11,3,150
11,5,180
10,5,120
7,9,60
2,5,60
7,13,90
4,8,150
4,9,150
8,14,180
8,4,180
9,6,120
7,2,150
13,9,60
11,8,120
2,1,150
7,13,60
10,12,120
6,1,60
6,5,90
3,11,60
13,7,180
9,8,60
2,6,90
6,11,90
11,9,120
5,4,60
14,10,150
4,13,90
4,6,150
3,10,90
11,7,180
8,12,120
12,6,150
8,14,90
12,1,150
14,8,180
5,8,180
2,14,90
14,13,90
14,5,90
9,2,120
14,7,150
8,7,180
4,11,60
2,9,90
6,3,60
5,2,180
4,1,180
1,13,120
8,11,120
8,9,60
5,7,180
11,10,60
2,12,180
3,9,180
1,7,120
4,3,120
8,11,150
13,7,180
8,5,120
3,13,90
10,5,180
5,11,180
2,13,150
1,2,60
2,7,120
13,3,180
2,5,120
5,2,150
7,2,90
10,4,60
6,13,120
3,6,150
7,13,60
4,12,120
12,7,90
13,11,150
8,2,180
4,9,60
10,4,90
11,4,60
10,9,150
13,11,150
2,11,90
5,13,90
14,12,150
1,2,150
2,3,180
2,10,180
14,9,120
11,7,90
12,2,90
4,12,180
11,1,90
12,8,150
9,8,150
8,2,180
14,9,180
1,12,150
7,2,60
14,10,60
1,3,150
6,9,180
9,12,60
1,3,60
1,13,120
11,5,90
7,6,180
4,11,180
12,11,120
7,2,60
10,4,180
5,11,120
13,3,150
13,8,90
3,7,120
10,12,60
3,8,120
14,5,60
2,8,60
5,3,90
8,4,60
7,6,120
11,12,150
10,2,60
2,4,150
8,5,150
6,2,120
5,9,90
2,7,90
3,7,180
6,14,180
5,4,180
12,9,120
4,11,90
10,11,120
8,13,120
7,1,60
2,1,120
6,12,60
4,12,120
5,9,90
3,14,120
14,7,120
11,9,60
1,13,150
13,2,180
3,12,60
7,13,60
6,3,180
3,12,60
2,8,60
1,3,60
1,4,60
13,8,150
4,12,150
11,7,90
3,6,60
6,1,120
6,1,180
13,4,60
12,1,120
3,13,180
12,5,90
5,1,60
6,3,150
8,10,180
12,9,180
14,3,90
14,3,90
1,13,60
13,11,150
2,4,120
8,13,150
6,8,180
4,5,60
7,12,60
1,6,90
9,6,60
5,12,60
13,12,90
14,5,180
12,3,60
3,1,180
13,12,60
11,2,180
4,3,150
12,4,180
4,5,120
8,5,90
