1,3,80
2,12,80
5,12,80
4,11,80
12,1,80
3,13,80
3,6,80
3,2,80
7,13,80
11,5,80
14,1,80
12,3,80
14,5,80
7,11,80
5,13,80
4,5,80
8,6,80
6,12,80
2,5,80
8,1,80
6,13,80
6,5,80
3,5,80
3,12,80
7,2,80
12,13,80
12,1,80
3,9,80
13,2,80
5,2,80
14,11,80
8,9,80
14,13,80
1,4,80
13,6,80
10,11,80
14,2,80
12,2,80
3,1,80
4,2,80
11,13,80
10,7,80
8,2,80
11,13,80
2,4,80
1,7,80
3,11,80
13,6,80
8,7,80
9,12,80
8,12,80
6,4,80
7,10,80
11,10,80
6,14,80
6,12,80
6,14,80
13,10,80
6,14,80
4,11,80
3,1,80
5,13,80
13,10,80
4,6,80
1,10,80
5,11,80
13,11,80
3,1,80
13,11,80
14,13,80
10,8,80
13,5,80
1,7,80
13,4,80
5,13,80
1,14,80
13,4,80
6,11,80
14,7,80
13,8,80
4,2,80
5,11,80
7,6,80
1,11,80
3,8,80
6,7,80
14,6,80
1,8,80
5,12,80
14,9,80
10,5,80
5,11,80
1,12,80
2,10,80
2,12,80
4,1,80
3,14,80
14,13,80
9,10,80
2,11,80
14,2,80
2,8,80
9,5,80
10,5,80
4,1,80
14,1,80
10,11,80
7,10,80
5,4,80
10,4,80
14,12,80
8,3,80
12,14,80
14,5,80
3,8,80
5,8,80
12,5,80
7,3,80
9,4,80
11,14,80
2,5,80
8,1,80
7,5,80
10,2,80
6,8,80
3,10,80
13,14,80
13,1,80
14,10,80
2,5,80
13,10,80
2,10,80
13,9,80
14,3,80
1,10,80
3,14,80
7,4,80
3,10,80
4,9,80
3,13,80
12,9,80
5,12,80
5,2,80
5,14,80
5,11,80
12,13,80
7,1,80
6,5,80
12,8,80
11,2,80
9,5,80
1,11,80
9,3,80
1,2,80
6,11,80
12,4,80
12,9,80
3,2,80
2,8,80
14,4,80
13,5,80
2,12,80
12,4,80
7,5,80
9,2,80
5,11,80
6,8,80
13,6,80
9,13,80
4,1,80
5,1,80
7,14,80
3,6,80
12,7,80
5,9,80
5,3,80
7,4,80
14,8,80
9,10,80
12,2,80
11,9,80
10,7,80
4,13,80
11,14,80
11,10,80
6,13,80
14,5,80
7,1,80
14,9,80
6,7,80
3,2,80
3,4,80
12,6,80
14,5,80
8,2,80
2,1,80
12,13,80
9,3,80
7,11,80
5,6,80
