12,10,120
3,7,60
6,2,180
10,0,180
13,6,120
6,2,60
8,10,120
6,2,90
4,5,90
5,8,60
4,0,90
7,3,180
11,3,120
0,11,90
12,4,120
13,3,60
7,2,90
11,9,90
5,4,120
10,13,180
1,7,180
2,11,180
7,0,60
13,9,90
5,8,60
3,7,60
7,10,120
9,0,150
3,12,60
5,4,150
6,9,180
7,6,90
3,13,150
11,10,90
9,0,120
13,11,150
11,8,60
12,8,120
3,9,120
7,13,90
13,1,120
11,12,90
9,1,180
5,3,60
10,5,60
10,4,180
11,4,60
10,1,120
2,13,150
13,12,90
8,9,150
8,4,120
13,8,120
5,7,150
8,4,180
3,6,180
8,3,120
1,0,60
7,9,120
12,13,90
6,7,180
2,12,120
7,8,180
9,5,60
4,0,90
2,3,90
11,1,60
6,1,120
6,8,180
13,4,180
0,9,150
6,9,90
11,8,180
6,1,90
5,1,180
7,8,180
2,8,120
0,4,180
7,8,150
12,5,90
11,8,150
2,10,180
1,9,120
5,6,150
12,7,120
5,13,180
10,1,150
4,11,120
7,6,90
3,2,180
9,0,60
0,4,60
8,9,150
4,10,180
11,9,180
13,12,180
0,8,180
11,3,150
3,11,90
12,3,60
