3,9,80
5,8,80
3,2,80
4,7,80
6,4,80
1,6,80
8,3,80
12,8,80
2,9,80
5,8,80
8,10,80
13,0,80
3,1,80
13,5,80
13,1,80
8,6,80
12,9,80
3,0,80
4,5,80
11,0,80
10,13,80
1,6,80
8,7,80
9,5,80
10,8,80
1,8,80
6,4,80
10,8,80
8,9,80
13,4,80
12,4,80
10,1,80
8,3,80
12,5,80
2,10,80
7,10,80
7,3,80
12,0,80
12,1,80
7,1,80
7,6,80
4,5,80
0,12,80
6,2,80
8,9,80
7,8,80
2,7,80
0,11,80
2,5,80
11,4,80
4,12,80
4,1,80
13,9,80
12,7,80
12,13,80
11,1,80
6,5,80
4,5,80
7,1,80
0,10,80
3,0,80
0,5,80
11,8,80
13,3,80
0,6,80
0,10,80
5,4,80
12,2,80
9,7,80
7,11,80
1,8,80
3,5,80
11,0,80
5,10,80
12,2,80
5,6,80
4,2,80
7,1,80
4,13,80
12,0,80
4,5,80
2,6,80
2,1,80
13,2,80
12,11,80
11,1,80
2,7,80
11,0,80
12,4,80
8,9,80
7,1,80
3,10,80
6,5,80
0,4,80
12,6,80
6,3,80
0,5,80
9,7,80
2,11,80
8,12,80
7,10,80
13,10,80
7,2,80
7,2,80
9,12,80
10,13,80
10,11,80
13,8,80
2,5,80
2,10,80
4,0,80
8,0,80
8,6,80
7,1,80
11,4,80
12,13,80
0,4,80
8,12,80
3,8,80
10,5,80
4,7,80
8,0,80
7,13,80
4,9,80
10,4,80
11,13,80
10,7,80
13,9,80
0,1,80
5,4,80
5,9,80
6,13,80
7,1,80
7,8,80
2,4,80
6,2,80
10,6,80
9,5,80
10,5,80
6,11,80
11,6,80
7,1,80
3,5,80
1,6,80
1,8,80
3,9,80
1,10,80
4,1,80
4,8,80
4,2,80
