7,0,90
7,4,120
9,2,90
6,8,60
4,11,150
13,12,180
1,2,90
12,13,150
2,1,90
10,2,180
13,4,90
11,8,180
4,8,180
4,9,90
0,6,150
7,8,180
0,9,180
7,4,150
2,0,150
4,3,150
6,9,150
5,1,180
9,10,90
0,3,60
5,3,90
8,5,150
1,12,120
10,7,150
12,4,90
1,8,120
2,12,60
0,1,180
11,5,90
7,10,60
8,10,120
8,7,180
8,11,120
4,1,120
2,12,150
9,7,180
2,5,180
5,13,180
9,0,180
13,12,60
5,4,90
10,3,150
1,12,60
2,6,180
6,5,90
1,7,120
8,10,120
9,11,60
10,7,90
12,9,90
3,7,60
5,13,180
8,2,180
4,2,120
11,10,180
3,13,90
13,6,150
11,7,120
3,0,60
1,9,120
8,1,150
7,1,120
6,2,60
10,13,150
4,10,60
8,11,120
6,1,90
5,6,180
11,8,150
10,1,90
9,7,150
2,5,60
1,2,90
5,6,120
8,5,180
10,9,90
8,4,150
13,4,90
8,6,60
6,10,180
6,9,60
3,11,60
4,0,180
0,7,120
3,1,90
11,7,90
7,1,90
9,3,90
13,10,180
10,3,120
2,13,150
10,0,90
10,7,60
4,10,180
10,0,150
7,11,120
3,6,60
6,5,180
2,5,180
7,13,60
8,7,60
13,5,90
0,6,90
13,9,90
8,5,60
3,7,150
2,8,60
0,1,90
9,7,90
4,3,120
11,7,180
4,7,90
3,11,90
4,9,180
13,10,90
0,11,120
4,10,90
1,3,180
0,10,120
3,11,120
10,1,90
9,0,150
12,0,180
4,1,150
0,2,180
7,10,180
4,3,180
1,12,60
2,6,180
4,3,60
3,5,90
12,10,150
4,10,60
6,0,150
1,6,90
1,6,120
5,3,90
1,9,150
11,3,150
6,5,150
5,8,120
3,8,60
7,6,180
9,11,120
2,9,150
0,3,120
11,8,120
4,7,90
4,0,150
6,10,90
0,3,90
1,11,150
0,5,150
8,5,150
12,4,90
1,2,90
9,2,60
11,5,150
5,13,60
8,9,60
5,12,180
8,6,120
6,2,180
9,2,90
7,11,90
2,3,60
6,1,150
6,5,180
13,10,90
5,13,120
7,12,180
1,5,90
7,10,180
11,10,180
10,4,120
8,5,60
7,9,90
9,5,120
11,10,60
3,13,120
6,13,60
8,9,90
8,2,90
9,5,180
6,1,60
7,10,180
7,0,180
4,10,60
13,7,90
9,13,150
6,2,150
4,6,180
0,9,150
0,4,120
10,11,150
12,13,120
