0,12,150
1,9,120
6,2,150
2,7,60
10,13,60
13,7,90
7,11,150
8,13,180
13,6,180
6,11,90
1,13,180
9,8,150
8,3,150
1,9,60
1,7,90
13,9,120
12,10,60
11,5,90
2,6,150
7,12,150
12,4,180
1,2,120
9,12,150
3,10,90
11,13,180
11,12,180
7,9,150
12,3,180
13,2,60
4,3,90
4,13,60
1,12,60
7,3,120
0,3,90
0,1,180
6,5,60
10,2,150
12,11,60
9,4,90
11,4,180
7,11,180
10,3,150
7,8,90
7,8,90
12,6,90
5,8,90
12,10,150
7,1,180
3,2,150
5,4,120
3,10,150
11,9,150
9,5,150
9,1,180
9,10,150
1,4,60
7,6,60
3,8,180
2,13,150
3,5,90
3,6,120
3,13,120
9,12,180
0,6,120
7,1,150
11,8,180
1,10,120
5,11,180
7,13,60
5,2,60
2,11,120
8,1,150
0,5,150
11,7,60
2,7,90
2,11,90
6,8,180
11,13,150
8,6,90
7,12,180
13,8,150
2,7,120
9,8,60
12,1,90
11,8,120
11,3,180
1,6,120
7,4,120
10,4,60
0,6,150
6,3,120
6,10,60
7,1,60
10,7,150
8,3,180
7,12,120
10,2,120
0,7,150
13,6,180
5,3,180
5,6,60
1,6,60
1,9,90
0,6,120
12,1,60
11,13,180
6,1,60
13,10,150
6,1,150
9,8,150
8,10,60
7,4,90
3,4,60
2,11,180
12,5,90
11,10,60
6,4,180
12,0,150
13,0,180
2,8,90
2,0,120
0,11,150
2,1,90
8,7,180
6,10,120
4,3,150
1,13,180
1,5,180
2,4,120
5,2,120
10,7,90
8,9,60
0,9,180
10,0,60
11,6,90
12,4,120
5,11,60
6,9,180
6,12,60
6,3,120
12,1,180
13,4,60
10,11,90
3,13,180
8,11,150
2,8,120
10,9,90
2,1,90
5,1,90
11,0,90
7,6,180
2,1,120
8,2,180
13,6,90
11,7,150
6,2,90
8,0,90
11,6,180
3,2,150
12,6,180
7,10,180
9,10,90
2,5,90
10,9,90
3,10,180
5,9,60
1,4,90
0,1,60
3,5,150
8,7,90
0,2,180
13,6,90
7,1,60
8,4,150
2,12,60
2,11,120
6,5,90
4,7,90
2,1,150
10,7,60
2,13,150
7,2,120
8,11,120
7,3,60
1,13,60
7,10,180
0,7,150
9,3,180
3,0,150
6,0,150
3,7,120
5,9,60
8,4,60
4,12,60
3,4,120
1,13,150
11,8,150
4,0,150
7,6,60
1,2,180
0,5,60
1,13,150
2,3,90
4,2,180
12,1,90
2,0,150
7,11,180
10,11,180
5,12,90
0,1,150
0,10,150
9,2,150
11,6,180
0,4,60
12,11,120
2,10,150
3,5,120
4,0,90
1,8,60
2,12,90
11,10,120
10,3,180
11,4,90
8,2,90
2,13,90
7,0,150
2,9,180
9,10,150
5,6,120
3,6,90
10,8,180
4,10,60
13,6,60
6,2,180
13,2,60
4,3,90
3,11,60
9,8,90
8,12,90
4,5,180
11,2,90
7,0,90
12,10,90
5,13,180
5,13,90
9,3,60
6,3,180
10,2,90
12,13,90
8,10,180
