1,13,120
4,7,120
1,8,150
12,10,180
10,9,150
1,2,120
6,11,60
7,11,150
0,1,180
13,2,90
8,4,90
6,3,150
10,0,60
1,2,120
8,10,60
6,5,150
5,6,120
9,12,60
9,10,180
11,8,90
13,4,60
7,5,90
5,9,120
4,0,150
12,1,150
11,6,120
13,10,120
7,6,180
11,0,180
1,4,180
11,7,150
11,7,150
13,11,60
5,1,180
2,5,90
11,8,150
3,7,120
8,11,180
4,9,60
0,13,90
6,11,90
4,6,150
4,2,90
8,6,150
3,12,120
12,5,120
10,6,120
10,8,150
5,10,90
2,7,60
1,13,60
8,12,60
8,12,90
2,11,90
4,3,60
9,7,180
9,6,150
9,4,120
13,5,120
8,2,120
5,8,120
3,10,120
13,7,150
10,13,90
8,12,120
6,0,90
11,3,90
11,4,60
10,5,180
7,0,90
9,8,180
13,2,180
10,9,60
13,4,180
3,9,180
11,3,60
6,1,150
10,6,180
9,4,90
8,5,60
13,6,180
5,3,180
10,3,60
12,13,90
4,2,90
3,8,180
4,2,90
7,13,120
1,5,120
3,1,90
2,8,120
0,6,150
13,3,150
10,8,180
6,4,120
1,9,150
12,7,90
2,6,150
10,1,60
4,12,150
2,3,60
10,4,180
0,12,90
3,1,120
12,7,90
5,13,90
7,3,180
5,6,90
6,4,120
12,5,60
12,11,150
13,3,180
3,1,90
11,4,60
11,0,180
0,5,120
9,5,150
12,6,180
8,11,180
5,7,60
13,8,150
3,6,120
2,6,60
0,9,120
8,1,150
3,10,90
2,13,90
10,7,60
12,13,90
0,2,60
13,5,60
13,4,90
10,0,150
3,1,60
5,0,90
11,7,60
0,8,120
11,12,150
2,10,90
10,6,180
1,8,180
12,2,60
12,11,180
1,8,150
12,9,90
13,8,150
9,7,150
8,5,150
3,11,90
2,4,60
2,1,60
5,12,90
4,6,90
1,12,180
12,10,90
10,6,120
9,1,60
7,0,90
5,0,60
6,2,120
10,7,180
3,0,180
11,12,120
3,6,120
13,6,150
6,0,150
3,5,180
9,2,90
0,13,150
1,6,180
6,8,180
11,7,60
1,4,120
5,9,60
0,7,180
6,1,90
10,13,150
13,0,60
13,12,120
10,8,60
1,0,180
13,4,180
4,13,120
10,6,90
3,0,180
3,6,150
1,3,60
4,2,120
0,10,180
13,6,120
6,9,150
8,12,120
7,3,90
8,7,180
9,8,60
5,12,150
5,10,60
10,4,150
11,12,60
8,12,180
11,4,60
2,12,180
7,4,90
2,9,150
6,10,60
12,11,180
11,5,150
6,10,150
13,10,90
7,5,150
11,10,180
6,11,150
12,9,60
5,12,120
1,13,60
9,4,150
9,3,150
13,2,120
7,13,60
3,10,150
10,6,90
3,8,90
11,1,60
0,11,90
3,11,180
3,5,90
9,3,150
9,7,60
12,8,180
3,1,60
9,13,150
7,0,60
3,4,60
7,13,150
12,9,90
3,11,60
8,5,180
13,7,150
9,4,180
6,1,60
3,1,120
11,12,90
2,10,90
2,1,180
0,13,60
6,2,60
2,10,120
2,9,180
5,13,60
5,10,120
1,13,90
2,5,150
1,12,60
3,6,60
12,9,150
11,0,90
3,2,60
3,10,60
4,12,90
7,12,90
11,0,90
12,7,180
7,2,180
5,11,120
7,8,180
12,13,180
13,11,120
5,1,90
9,4,120
1,10,120
12,2,150
10,4,90
6,9,120
1,5,180
7,10,90
3,12,90
13,3,90
7,11,180
0,7,90
11,12,150
3,10,150
5,10,180
8,11,90
3,13,180
2,1,90
5,13,90
6,1,150
9,7,180
10,8,60
5,3,180
10,6,180
13,8,90
2,5,90
3,0,60
0,5,120
1,9,90
8,5,150
13,7,60
7,11,60
2,10,60
