1,11,80
5,9,80
3,0,80
10,8,80
1,4,80
9,4,80
10,1,80
4,10,80
13,4,80
8,2,80
5,7,80
8,12,80
7,3,80
4,10,80
8,6,80
5,11,80
7,13,80
0,3,80
7,8,80
9,10,80
9,2,80
2,3,80
9,5,80
2,4,80
0,1,80
11,2,80
6,5,80
9,12,80
8,9,80
4,5,80
10,8,80
3,8,80
5,12,80
1,9,80
9,4,80
3,6,80
7,11,80
0,11,80
8,11,80
6,12,80
13,12,80
6,4,80
0,7,80
6,4,80
10,2,80
10,1,80
5,6,80
2,10,80
4,11,80
12,9,80
5,0,80
2,10,80
0,3,80
12,8,80
3,10,80
9,7,80
12,7,80
10,8,80
0,10,80
1,0,80
6,12,80
11,1,80
12,9,80
9,13,80
11,13,80
2,4,80
12,3,80
0,10,80
11,3,80
7,13,80
7,6,80
6,10,80
10,8,80
5,1,80
2,8,80
7,4,80
2,13,80
4,2,80
0,4,80
6,5,80
6,4,80
13,2,80
6,9,80
9,7,80
4,10,80
9,7,80
1,3,80
4,5,80
3,11,80
6,12,80
10,3,80
6,7,80
0,5,80
1,8,80
5,0,80
11,13,80
4,0,80
5,9,80
8,4,80
13,7,80
2,12,80
5,9,80
2,10,80
2,12,80
1,7,80
11,3,80
0,4,80
8,0,80
7,12,80
2,0,80
4,7,80
3,8,80
13,11,80
2,8,80
10,3,80
11,9,80
0,4,80
4,2,80
8,5,80
3,7,80
6,3,80
0,7,80
0,1,80
6,7,80
9,8,80
1,12,80
13,2,80
11,9,80
7,10,80
0,1,80
3,8,80
10,12,80
3,6,80
5,1,80
12,5,80
6,8,80
10,13,80
9,3,80
0,7,80
2,12,80
3,12,80
1,0,80
3,5,80
1,11,80
8,13,80
7,11,80
11,2,80
1,7,80
4,12,80
13,0,80
9,8,80
4,10,80
5,2,80
12,6,80
2,13,80
12,9,80
4,7,80
6,10,80
10,8,80
12,2,80
6,2,80
8,5,80
11,10,80
6,0,80
5,3,80
8,7,80
10,0,80
6,7,80
12,11,80
2,11,80
6,4,80
3,1,80
3,2,80
0,11,80
13,10,80
6,8,80
0,3,80
6,10,80
9,4,80
11,8,80
8,10,80
11,7,80
1,8,80
2,11,80
6,13,80
6,13,80
12,10,80
4,3,80
12,8,80
4,11,80
0,12,80
9,8,80
1,10,80
9,11,80
2,11,80
12,7,80
4,5,80
11,13,80
1,4,80
7,11,80
5,7,80
7,3,80
11,1,80
10,2,80
7,9,80
11,13,80
0,7,80
11,10,80
8,2,80
9,11,80
0,6,80
2,3,80
2,8,80
7,10,80
5,0,80
8,6,80
3,6,80
11,9,80
6,5,80
13,8,80
0,4,80
1,5,80
2,11,80
9,0,80
6,7,80
11,1,80
7,1,80
11,0,80
4,11,80
12,9,80
6,12,80
4,0,80
4,3,80
0,13,80
5,2,80
13,5,80
3,4,80
6,4,80
13,0,80
4,10,80
10,12,80
4,6,80
2,8,80
8,11,80
3,13,80
5,6,80
9,13,80
10,12,80
11,7,80
10,2,80
5,4,80
1,13,80
9,5,80
2,0,80
5,7,80
12,4,80
4,11,80
8,10,80
2,5,80
7,2,80
12,5,80
1,12,80
0,13,80
8,1,80
10,1,80
9,6,80
13,6,80
1,13,80
2,6,80
8,9,80
8,5,80
10,0,80
12,1,80
8,1,80
6,9,80
0,12,80
7,5,80
10,1,80
10,1,80
4,7,80
3,8,80
5,6,80
6,12,80
10,0,80
6,8,80
5,4,80
4,12,80
7,5,80
6,2,80
10,4,80
0,1,80
11,10,80
4,9,80
4,12,80
7,8,80
0,7,80
6,5,80
11,8,80
2,8,80
3,10,80
