7,0,80
2,1,80
7,12,80
10,2,80
12,5,80
10,8,80
3,9,80
12,5,80
3,11,80
7,13,80
9,8,80
9,4,80
7,8,80
5,2,80
10,11,80
7,3,80
9,1,80
0,1,80
6,3,80
11,4,80
5,7,80
8,4,80
4,0,80
10,8,80
11,7,80
5,1,80
6,13,80
12,4,80
0,5,80
5,3,80
4,0,80
1,2,80
12,1,80
7,13,80
9,5,80
2,8,80
1,11,80
4,7,80
8,12,80
3,5,80
11,3,80
2,9,80
2,12,80
9,13,80
11,6,80
11,4,80
6,0,80
3,8,80
7,5,80
4,7,80
10,11,80
11,13,80
10,9,80
11,3,80
12,9,80
11,6,80
1,3,80
13,9,80
12,9,80
2,3,80
7,10,80
13,1,80
13,1,80
4,5,80
2,9,80
1,3,80
3,13,80
2,9,80
4,10,80
2,6,80
4,11,80
7,10,80
3,2,80
5,2,80
5,7,80
5,9,80
4,6,80
2,10,80
9,12,80
8,7,80
5,8,80
8,10,80
4,6,80
9,6,80
6,4,80
9,13,80
6,11,80
0,7,80
10,4,80
3,2,80
6,10,80
1,10,80
10,0,80
5,3,80
8,7,80
6,8,80
11,3,80
7,13,80
8,0,80
2,12,80
