8,7,90
4,2,120
8,7,120
6,8,150
11,1,60
12,0,120
4,8,120
10,6,120
10,3,90
13,8,180
3,7,90
12,5,120
7,9,120
6,8,120
12,9,120
0,9,90
10,13,180
9,12,180
6,3,180
12,9,90
7,2,60
12,0,180
6,9,150
8,11,60
4,13,120
1,2,120
1,12,150
8,6,90
13,1,90
2,12,150
8,4,180
0,3,150
11,4,150
2,9,90
3,4,150
7,0,150
2,3,60
5,11,180
8,11,60
6,12,180
11,6,120
11,2,150
2,12,60
3,10,90
3,12,60
8,5,120
12,7,60
9,11,180
11,3,180
1,0,120
0,3,120
4,13,90
9,10,60
11,10,90
2,13,180
4,13,90
6,2,60
2,13,180
7,10,90
8,4,90
9,7,180
9,3,180
7,12,90
9,5,120
10,8,180
0,9,60
1,8,60
10,2,120
12,0,90
10,2,90
8,7,90
6,13,60
0,4,120
7,10,90
1,2,180
1,4,60
7,2,90
3,11,150
10,5,60
3,8,120
12,8,120
0,3,180
9,3,180
5,6,120
0,10,90
13,0,120
8,11,90
7,12,150
9,3,180
12,3,60
12,0,90
6,5,60
11,1,120
6,4,120
4,8,150
2,5,120
9,3,60
3,6,150
8,1,90
9,11,120
4,1,90
5,7,90
4,13,120
7,1,90
6,1,150
1,0,120
7,4,150
11,6,120
12,3,60
3,2,60
13,5,180
3,7,60
7,0,60
8,2,90
11,6,120
2,8,180
12,1,60
7,12,120
1,13,150
8,3,120
6,7,90
7,1,60
2,0,60
9,11,120
8,5,180
10,2,180
6,7,120
1,12,90
10,3,60
1,11,60
4,8,180
3,12,180
9,0,60
5,7,180
0,11,180
12,8,150
0,2,60
5,13,60
8,10,150
11,0,150
10,12,120
10,4,180
13,0,90
9,1,150
6,2,120
3,10,90
4,9,150
10,3,150
12,11,60
2,9,180
