22,9,80
6,2,80
14,9,80
5,4,80
13,11,80
19,21,80
9,22,80
20,18,80
18,19,80
0,18,80
19,4,80
7,17,80
6,3,80
22,1,80
12,0,80
4,23,80
1,5,80
9,7,80
17,14,80
3,5,80
9,18,80
16,19,80
5,6,80
6,5,80
13,0,80
18,8,80
19,3,80
23,12,80
10,19,80
5,15,80
11,15,80
12,19,80
22,15,80
18,22,80
1,19,80
7,1,80
8,16,80
13,15,80
18,5,80
1,12,80
16,15,80
21,3,80
22,11,80
0,9,80
2,19,80
10,19,80
17,6,80
1,13,80
21,0,80
23,10,80
3,17,80
10,5,80
16,4,80
11,18,80
14,2,80
10,23,80
9,14,80
18,7,80
5,3,80
23,12,80
2,20,80
16,3,80
4,0,80
15,14,80
10,0,80
13,12,80
21,6,80
18,21,80
10,2,80
5,22,80
21,14,80
22,11,80
10,17,80
6,10,80
8,9,80
7,20,80
5,17,80
6,7,80
8,18,80
1,14,80
7,14,80
6,2,80
21,8,80
10,9,80
23,6,80
11,21,80
12,16,80
3,8,80
7,19,80
17,19,80
2,22,80
21,22,80
9,14,80
0,9,80
16,13,80
6,17,80
17,21,80
17,15,80
6,10,80
19,18,80
