1,6,150
20,6,150
0,12,120
7,23,90
6,14,120
6,7,90
2,0,90
19,11,120
14,13,150
1,2,180
6,14,90
17,22,180
5,7,150
12,7,90
5,9,90
0,2,180
15,11,120
19,5,180
7,0,180
14,20,150
10,1,150
12,21,90
17,2,150
16,19,180
8,23,60
12,11,120
16,1,60
8,6,180
16,2,150
18,17,60
17,8,180
5,0,150
7,1,120
18,11,180
4,2,120
15,5,150
5,16,60
22,7,90
22,3,120
13,14,90
12,6,60
21,18,150
16,7,150
1,22,60
14,7,90
14,3,90
0,7,60
21,14,180
18,19,60
14,4,180
3,11,90
15,4,150
3,23,60
22,2,120
5,1,150
23,21,150
13,1,150
9,11,180
6,12,120
9,2,150
21,6,120
1,15,150
18,9,180
13,11,150
23,9,90
21,13,90
11,23,90
9,20,180
9,13,90
11,7,60
0,20,60
7,15,150
2,23,150
12,1,180
12,20,150
19,9,150
22,11,120
12,6,90
5,19,60
18,8,60
5,3,60
6,21,180
12,18,150
18,23,150
7,14,90
10,18,90
4,2,90
3,13,180
19,9,150
3,17,120
1,0,90
16,20,120
20,8,60
20,3,90
19,20,60
12,2,180
8,6,180
1,15,120
1,20,90
3,21,150
1,10,90
15,18,150
22,6,150
10,14,180
2,10,180
5,17,180
10,16,90
7,12,120
20,16,150
3,22,60
10,5,60
10,20,180
12,17,60
19,20,180
6,0,90
22,16,180
4,12,90
5,13,120
13,2,120
16,2,120
2,20,60
0,16,60
11,15,60
0,21,180
19,15,180
17,14,90
21,5,180
17,23,120
10,18,180
5,10,120
20,10,60
14,5,120
10,17,120
2,22,60
6,16,90
3,11,180
6,23,150
1,8,120
20,15,90
12,8,60
13,5,150
1,10,90
6,5,60
14,7,60
11,2,180
3,17,180
19,20,60
7,17,120
10,15,120
5,21,60
14,16,90
19,22,60
23,4,120
14,22,120
19,12,150
13,19,180
16,11,120
14,0,120
7,16,90
15,6,150
3,16,180
7,21,120
14,18,120
15,5,180
1,19,180
4,16,120
23,22,150
15,21,120
2,3,90
4,9,180
10,3,60
17,7,60
10,0,120
11,20,150
18,3,120
20,5,120
0,4,150
6,12,90
6,14,150
15,19,90
15,14,150
17,12,90
2,12,180
8,2,90
12,4,60
7,6,60
4,6,180
8,22,150
0,11,120
21,20,90
8,3,120
16,7,60
5,4,120
3,0,90
21,4,180
5,22,90
8,2,150
8,19,60
15,16,180
6,2,120
6,23,150
18,12,90
18,5,120
10,3,180
21,12,60
6,13,120
12,7,90
5,23,180
19,2,150
17,18,150
2,9,120
5,18,180
23,15,60
8,2,180
2,6,180
18,19,120
0,17,150
3,10,150
1,6,150
19,18,90
12,19,150
15,9,120
9,10,120
0,10,60
6,5,60
2,12,150
9,19,180
10,23,150
11,9,180
17,0,180
1,19,60
0,4,60
19,17,180
6,15,90
8,23,180
11,4,180
23,5,120
21,0,120
19,12,60
10,5,120
16,23,60
6,17,60
1,8,180
23,20,150
2,3,150
21,22,90
23,9,120
10,21,90
7,9,150
15,9,120
