21,5,150
23,0,120
17,21,60
13,22,180
21,12,120
21,6,150
7,14,90
5,9,150
13,15,60
18,17,150
2,17,180
18,13,150
4,8,90
6,14,180
19,10,120
15,9,150
3,0,60
20,3,180
21,4,180
14,18,90
23,18,90
19,4,90
20,22,150
1,12,60
10,1,90
18,17,180
18,5,150
11,20,90
21,1,180
22,3,120
13,23,60
11,22,150
0,21,150
3,23,180
11,23,150
12,1,150
6,8,150
18,0,120
3,10,120
4,7,180
1,16,150
9,1,90
1,8,60
9,23,90
21,14,90
14,1,150
22,17,150
15,21,180
1,19,90
18,13,120
20,7,180
22,4,120
2,17,150
10,23,180
22,21,60
18,22,60
3,22,180
14,15,120
10,12,90
2,22,60
11,5,90
8,11,90
3,5,150
10,8,180
0,8,180
22,13,150
16,19,180
12,1,90
20,19,180
19,17,90
22,21,90
6,22,150
11,3,120
10,18,120
6,8,60
4,19,120
5,9,90
0,8,150
17,21,120
2,20,60
3,18,120
16,17,120
16,18,90
5,12,150
16,0,150
8,16,150
9,8,120
1,8,90
5,18,150
6,21,150
21,18,150
16,15,120
20,5,60
4,14,120
14,9,150
10,4,60
19,11,180
19,23,90
2,7,60
14,19,180
11,16,150
13,10,90
9,17,60
8,6,120
14,20,90
21,16,150
2,1,120
2,23,150
7,21,180
10,2,180
8,15,150
3,13,150
21,6,120
5,9,60
4,14,150
20,7,180
23,16,90
6,14,90
19,3,150
21,18,180
11,22,60
1,13,120
13,8,90
21,6,60
12,16,120
19,14,90
22,18,90
17,5,60
7,1,180
13,17,150
2,5,60
13,9,180
9,21,120
11,4,180
18,9,60
14,9,90
0,11,150
13,12,90
21,13,90
17,0,90
20,18,90
12,21,150
22,2,150
5,10,120
9,22,60
9,23,180
17,10,180
20,4,150
3,1,90
23,13,60
16,22,90
23,13,90
23,2,150
4,12,60
23,22,60
8,16,90
11,12,180
22,21,60
20,18,60
23,5,60
6,8,60
1,15,180
19,5,180
3,1,90
14,9,150
16,13,120
10,6,120
6,7,120
19,17,120
5,22,60
12,22,180
10,11,120
13,1,60
0,4,150
8,7,120
0,5,120
10,2,120
8,23,150
4,2,120
1,10,120
4,19,180
5,16,180
9,11,150
12,22,60
16,15,60
22,11,120
15,2,180
18,14,120
9,3,120
4,7,150
16,7,180
1,2,60
8,11,90
18,8,150
19,18,90
22,19,150
10,4,150
18,23,60
23,12,90
0,21,90
6,16,60
3,7,120
2,17,90
14,9,180
18,15,120
7,19,60
2,19,60
7,18,60
13,18,120
10,15,120
23,12,120
19,4,120
8,16,120
9,14,90
8,13,90
4,11,90
20,16,60
21,12,60
16,22,90
16,6,150
6,15,150
20,23,90
14,20,60
16,14,150
20,8,150
4,13,180
7,11,150
8,2,60
15,20,150
16,3,150
11,15,180
16,2,180
13,14,150
17,1,150
4,18,60
0,23,180
6,10,180
21,23,180
13,9,120
5,21,60
21,7,120
6,2,150
7,4,150
0,3,180
5,10,180
22,16,180
16,13,180
23,13,120
6,9,180
22,7,120
17,12,180
20,15,60
20,1,150
18,19,120
20,13,120
21,0,90
9,1,60
3,1,90
11,6,150
16,15,60
4,13,150
6,20,90
14,11,180
0,16,180
14,8,180
7,9,60
20,15,60
2,19,60
3,15,150
4,18,60
13,8,180
6,11,90
21,8,90
17,11,60
3,4,60
9,2,150
15,7,180
2,8,120
9,18,180
3,9,60
1,22,180
15,10,120
10,5,60
12,10,180
3,5,150
1,21,180
1,10,90
4,2,60
23,5,150
16,14,150
3,23,180
17,11,150
6,14,150
17,20,60
7,0,180
6,19,120
10,9,90
16,18,180
9,3,60
9,16,120
