11,21,60
8,11,90
10,1,60
20,15,180
12,11,90
15,19,120
13,12,180
23,21,120
5,19,120
19,14,180
8,0,120
18,20,180
20,1,120
17,2,120
13,4,180
12,0,120
23,13,180
16,7,120
10,4,150
18,17,180
14,2,120
0,1,60
10,2,120
5,0,60
12,11,180
7,16,150
14,7,60
12,21,60
1,23,60
7,14,150
17,19,60
2,4,120
3,16,60
20,7,120
0,1,60
16,19,90
13,21,120
1,17,60
14,2,150
3,12,150
17,7,150
9,20,180
7,0,180
19,18,180
20,11,60
6,8,150
11,21,60
16,2,90
21,0,90
14,17,90
7,20,90
2,20,60
19,13,150
16,21,150
15,9,90
3,15,90
9,10,60
12,21,120
4,5,60
3,17,60
14,16,180
6,12,60
7,20,120
0,11,90
9,6,60
7,22,90
3,22,90
15,2,90
17,10,90
16,23,90
1,22,180
10,16,90
18,16,60
12,17,60
2,0,90
17,1,60
21,23,90
6,10,150
8,5,120
10,19,120
18,19,180
1,18,120
9,5,150
4,7,150
4,3,150
5,20,120
12,19,150
23,11,120
23,2,180
4,13,180
10,11,120
2,8,60
1,10,60
8,14,150
19,13,180
22,12,150
16,21,60
4,23,60
23,9,180
3,11,180
