6,2,80
12,6,80
8,19,80
2,15,80
13,17,80
22,3,80
8,23,80
20,15,80
21,7,80
23,0,80
1,5,80
20,12,80
23,14,80
5,2,80
17,15,80
6,19,80
14,15,80
6,17,80
8,12,80
2,7,80
16,15,80
15,8,80
9,6,80
13,10,80
7,20,80
15,2,80
13,9,80
6,12,80
20,15,80
13,4,80
16,18,80
16,6,80
19,12,80
14,13,80
10,21,80
5,3,80
13,20,80
2,4,80
1,3,80
0,19,80
3,15,80
17,23,80
12,11,80
23,14,80
23,8,80
2,7,80
16,4,80
20,15,80
11,17,80
13,12,80
22,4,80
11,21,80
12,22,80
17,10,80
7,20,80
0,10,80
22,12,80
5,16,80
5,4,80
1,11,80
1,15,80
21,0,80
16,22,80
20,3,80
16,17,80
22,3,80
20,3,80
2,7,80
11,8,80
22,3,80
22,17,80
18,5,80
13,11,80
17,9,80
14,2,80
23,5,80
11,21,80
11,22,80
22,18,80
18,9,80
4,18,80
21,14,80
4,15,80
9,14,80
11,2,80
1,13,80
13,2,80
18,10,80
1,23,80
3,4,80
1,20,80
14,15,80
13,18,80
23,12,80
3,17,80
17,6,80
21,17,80
23,17,80
0,15,80
22,5,80
4,20,80
4,16,80
12,7,80
20,1,80
12,3,80
18,8,80
2,3,80
13,12,80
19,1,80
6,13,80
3,6,80
4,15,80
23,12,80
1,16,80
3,15,80
4,16,80
3,17,80
11,15,80
8,5,80
13,6,80
10,4,80
10,19,80
4,19,80
0,23,80
9,22,80
3,12,80
16,13,80
23,0,80
6,4,80
5,7,80
17,9,80
5,19,80
3,0,80
21,15,80
1,11,80
23,6,80
16,15,80
4,17,80
10,13,80
2,5,80
18,15,80
0,3,80
8,4,80
22,8,80
9,2,80
15,11,80
6,5,80
12,16,80
22,14,80
22,17,80
11,23,80
15,12,80
6,18,80
21,0,80
8,1,80
12,1,80
15,1,80
15,19,80
1,0,80
19,11,80
15,5,80
0,8,80
17,14,80
5,9,80
10,4,80
23,0,80
0,4,80
5,20,80
10,15,80
3,12,80
6,8,80
1,23,80
6,21,80
8,9,80
14,15,80
1,0,80
21,12,80
9,5,80
6,20,80
4,5,80
10,16,80
21,15,80
11,6,80
23,8,80
15,9,80
19,18,80
15,14,80
7,11,80
4,1,80
7,2,80
5,6,80
11,20,80
6,11,80
21,4,80
9,2,80
21,18,80
10,21,80
19,10,80
9,18,80
7,5,80
