10,11,80
6,17,80
21,20,80
8,17,80
5,1,80
23,10,80
17,12,80
11,9,80
20,1,80
10,16,80
22,7,80
17,11,80
9,4,80
14,6,80
0,20,80
2,5,80
12,21,80
20,23,80
0,17,80
0,22,80
1,15,80
10,8,80
3,8,80
15,6,80
8,4,80
22,1,80
13,7,80
7,21,80
11,21,80
4,5,80
6,23,80
7,14,80
3,18,80
22,12,80
22,15,80
14,5,80
1,20,80
1,12,80
4,18,80
20,16,80
9,19,80
9,1,80
5,10,80
8,19,80
0,20,80
3,11,80
7,8,80
9,23,80
14,9,80
16,21,80
17,14,80
0,9,80
5,1,80
3,18,80
14,1,80
12,21,80
11,1,80
18,15,80
1,6,80
23,11,80
3,13,80
9,19,80
3,2,80
20,16,80
6,1,80
18,11,80
9,8,80
2,15,80
21,5,80
15,22,80
18,2,80
11,10,80
13,9,80
23,7,80
3,12,80
7,2,80
20,19,80
12,21,80
3,1,80
13,18,80
9,4,80
8,17,80
2,23,80
9,16,80
15,6,80
21,22,80
10,21,80
17,13,80
17,20,80
19,10,80
1,3,80
10,9,80
11,6,80
18,9,80
12,22,80
15,10,80
23,4,80
19,7,80
13,2,80
10,19,80
21,8,80
2,4,80
6,0,80
1,15,80
9,23,80
6,16,80
8,9,80
5,16,80
14,7,80
21,12,80
5,6,80
18,3,80
7,16,80
23,14,80
17,21,80
1,9,80
1,10,80
18,16,80
15,3,80
0,5,80
13,9,80
14,6,80
17,14,80
6,17,80
11,4,80
11,14,80
8,16,80
16,8,80
4,13,80
9,16,80
1,21,80
15,21,80
0,17,80
17,15,80
4,10,80
18,21,80
6,19,80
19,1,80
16,2,80
19,7,80
11,5,80
18,15,80
19,5,80
19,21,80
23,20,80
0,9,80
7,23,80
23,0,80
7,16,80
17,15,80
0,18,80
19,22,80
6,17,80
22,1,80
20,6,80
18,22,80
10,5,80
7,20,80
1,3,80
19,17,80
5,15,80
16,13,80
1,11,80
5,8,80
17,23,80
12,21,80
0,10,80
12,2,80
10,14,80
13,5,80
12,23,80
0,20,80
8,7,80
17,4,80
2,5,80
16,18,80
17,14,80
7,2,80
14,5,80
17,3,80
2,22,80
22,8,80
14,7,80
11,23,80
4,19,80
9,22,80
17,3,80
21,22,80
2,12,80
19,18,80
7,12,80
0,8,80
16,21,80
3,21,80
11,20,80
22,8,80
7,3,80
15,4,80
9,10,80
14,9,80
16,21,80
10,21,80
15,14,80
11,14,80
4,23,80
13,21,80
19,11,80
22,7,80
11,5,80
0,14,80
5,12,80
20,17,80
15,3,80
1,7,80
16,6,80
19,6,80
7,18,80
20,13,80
6,22,80
17,2,80
4,0,80
19,17,80
17,13,80
14,1,80
10,9,80
6,12,80
4,7,80
4,20,80
21,6,80
1,5,80
6,8,80
18,10,80
4,15,80
1,16,80
22,14,80
12,9,80
9,10,80
23,6,80
7,20,80
4,17,80
12,3,80
17,21,80
2,12,80
3,2,80
4,1,80
6,22,80
7,1,80
0,18,80
20,7,80
11,18,80
18,1,80
14,15,80
1,4,80
8,19,80
10,21,80
10,13,80
8,10,80
0,13,80
18,23,80
20,2,80
9,13,80
22,17,80
13,4,80
11,5,80
10,18,80
11,20,80
23,18,80
9,16,80
19,0,80
19,5,80
16,18,80
19,17,80
21,7,80
19,18,80
1,16,80
17,9,80
10,1,80
16,17,80
2,20,80
23,22,80
2,15,80
16,8,80
6,13,80
23,22,80
21,3,80
5,15,80
11,0,80
0,11,80
20,15,80
8,16,80
7,18,80
17,2,80
21,12,80
0,18,80
13,16,80
20,14,80
22,16,80
11,9,80
16,6,80
14,1,80
