20,18,120
3,10,150
1,14,180
19,9,180
9,12,60
15,1,120
13,23,150
11,0,120
22,5,90
12,15,180
1,14,150
14,0,90
17,13,60
10,2,60
21,14,120
18,14,90
1,17,90
4,1,120
23,6,60
12,14,60
1,2,60
4,23,180
1,2,90
7,8,60
17,4,150
18,13,60
0,7,120
16,11,90
5,23,180
22,10,180
2,15,150
11,20,60
13,14,150
20,17,120
7,15,150
16,14,180
7,0,180
16,9,180
23,1,180
7,18,120
19,14,60
5,18,60
21,14,180
21,6,150
12,16,90
14,0,60
13,0,120
4,15,150
7,6,90
22,7,90
5,21,60
15,13,180
18,19,60
17,13,180
3,6,180
20,2,90
19,20,60
13,21,150
19,23,120
19,14,180
11,15,150
3,22,180
19,9,180
11,17,60
14,23,90
23,17,60
5,19,150
12,14,150
18,4,180
22,16,150
16,23,180
7,1,180
0,16,60
7,8,150
20,17,90
19,5,180
11,21,150
18,12,60
8,17,180
1,21,150
19,21,180
20,15,150
9,8,60
13,20,180
21,15,90
18,0,150
2,18,180
4,14,180
12,23,120
9,6,90
3,22,120
12,1,150
11,1,180
11,17,60
22,16,60
17,20,60
3,12,150
14,16,90
4,3,60
21,19,150
1,18,60
9,14,60
2,0,90
4,0,120
14,6,180
20,14,150
8,14,90
0,23,60
9,5,60
21,23,120
8,2,150
10,17,120
4,20,60
8,18,90
17,8,90
19,21,60
19,13,180
21,0,150
16,12,180
2,22,120
7,3,150
23,21,180
5,23,90
12,8,150
12,7,180
15,7,180
23,15,120
1,11,180
1,2,150
11,10,60
9,7,120
8,6,150
13,17,180
19,7,150
13,23,90
7,4,90
20,6,120
13,6,60
18,23,180
18,5,120
7,10,180
0,20,120
22,1,60
23,20,150
3,9,120
10,21,180
8,16,120
22,10,180
5,10,120
17,7,150
