15,21,80
0,5,80
1,4,80
21,19,80
4,23,80
1,14,80
23,6,80
6,15,80
1,15,80
20,15,80
6,11,80
19,20,80
21,0,80
10,16,80
3,9,80
9,12,80
22,1,80
23,9,80
15,14,80
17,15,80
4,10,80
8,14,80
1,14,80
6,9,80
11,7,80
20,4,80
16,18,80
3,18,80
15,11,80
13,17,80
8,1,80
7,9,80
7,14,80
22,7,80
10,2,80
18,16,80
4,7,80
3,16,80
21,0,80
7,11,80
8,18,80
6,11,80
18,4,80
2,0,80
18,3,80
6,13,80
9,6,80
9,15,80
6,17,80
7,9,80
6,12,80
5,18,80
15,11,80
22,16,80
0,1,80
7,22,80
23,5,80
12,1,80
22,23,80
5,0,80
19,4,80
16,1,80
18,20,80
4,9,80
9,21,80
23,20,80
15,1,80
13,18,80
18,5,80
10,5,80
13,10,80
0,2,80
12,19,80
1,17,80
14,23,80
0,21,80
9,1,80
10,15,80
0,11,80
3,2,80
23,2,80
11,2,80
19,6,80
11,1,80
7,4,80
9,8,80
16,2,80
12,14,80
18,15,80
1,0,80
12,21,80
3,21,80
7,19,80
9,13,80
12,19,80
18,5,80
10,12,80
12,2,80
23,5,80
17,0,80
22,23,80
11,21,80
7,6,80
14,15,80
12,1,80
6,23,80
2,22,80
23,9,80
11,13,80
14,13,80
15,9,80
0,11,80
9,1,80
18,9,80
5,17,80
2,4,80
18,2,80
0,12,80
7,18,80
8,5,80
14,20,80
22,2,80
2,19,80
6,4,80
22,1,80
8,16,80
19,4,80
5,22,80
5,7,80
16,5,80
19,6,80
4,13,80
1,18,80
13,12,80
19,13,80
5,18,80
9,16,80
15,16,80
18,0,80
16,19,80
22,8,80
6,7,80
4,7,80
16,6,80
12,18,80
16,8,80
18,12,80
9,4,80
15,9,80
1,12,80
