3,23,120
23,22,90
7,15,150
21,3,60
6,7,90
17,9,150
17,11,180
12,11,120
9,11,60
11,9,150
3,20,120
2,9,60
1,5,90
15,14,180
7,13,90
23,10,150
20,1,60
9,15,90
1,6,150
11,6,180
13,12,150
10,5,150
22,7,180
1,0,60
15,5,90
21,14,60
22,23,150
12,23,60
20,17,150
2,13,150
6,14,180
8,2,150
18,12,120
23,4,150
12,8,60
9,20,90
3,0,180
19,13,60
14,23,60
12,1,180
21,6,90
13,11,90
22,3,120
13,21,150
6,20,150
19,8,90
3,7,150
7,17,150
2,20,120
22,1,90
5,4,60
7,6,90
15,18,150
13,10,120
9,23,60
19,14,90
17,10,120
12,17,180
21,23,120
11,21,150
3,12,180
18,23,120
2,21,60
15,16,180
20,0,150
9,7,150
0,12,90
7,8,180
0,2,120
19,2,180
11,8,90
9,7,150
18,0,60
10,4,150
2,9,150
4,6,180
20,15,60
13,19,60
5,7,180
13,12,150
0,11,120
4,16,150
6,21,120
19,23,180
5,10,180
2,10,90
13,15,60
4,6,150
6,10,180
3,13,120
11,2,90
3,8,180
20,16,60
2,8,60
12,15,120
18,10,120
19,0,120
18,14,180
14,4,60
3,22,60
10,11,60
14,20,60
14,15,60
14,7,180
3,18,150
8,1,150
11,0,180
7,18,120
10,4,120
11,12,120
19,18,150
7,23,120
10,22,90
5,6,180
10,5,180
12,6,120
2,7,150
12,7,150
9,3,150
23,13,120
15,21,90
4,22,60
4,21,180
10,22,150
19,9,60
11,2,180
12,2,90
3,22,150
10,12,60
17,21,120
12,11,180
8,3,60
4,13,180
0,9,90
22,16,150
9,11,60
13,9,120
17,10,60
14,11,180
13,21,180
8,2,120
1,5,150
11,15,60
23,3,150
2,18,90
18,15,60
11,20,60
15,17,60
1,18,60
13,9,180
4,18,90
4,0,60
1,14,150
17,7,120
5,6,120
9,17,180
6,5,180
15,11,120
1,14,90
20,7,60
23,13,120
1,19,120
15,7,90
3,0,60
23,20,120
19,18,60
9,18,150
0,15,150
0,10,180
18,6,60
23,15,120
20,9,120
5,18,60
0,7,180
15,10,120
8,19,60
19,15,180
9,16,150
11,2,60
22,21,60
20,9,150
21,9,120
8,16,120
21,16,150
21,10,90
8,4,120
19,4,150
2,12,120
2,7,180
0,4,180
9,10,120
11,0,180
2,0,120
8,23,150
18,2,120
4,16,60
20,0,60
1,9,120
7,13,90
13,8,60
