9,22,80
8,13,80
0,6,80
0,1,80
19,16,80
1,16,80
0,16,80
7,19,80
7,14,80
0,19,80
13,21,80
12,10,80
22,15,80
5,21,80
14,3,80
11,6,80
5,1,80
7,1,80
13,12,80
10,20,80
9,22,80
17,22,80
2,23,80
0,10,80
2,7,80
13,23,80
0,20,80
2,10,80
2,16,80
13,22,80
15,5,80
9,13,80
21,19,80
10,9,80
21,23,80
10,9,80
23,20,80
17,12,80
15,8,80
17,5,80
9,6,80
7,2,80
0,11,80
5,3,80
10,15,80
5,20,80
15,2,80
0,7,80
8,9,80
5,9,80
13,4,80
13,15,80
7,5,80
2,13,80
12,6,80
16,18,80
8,15,80
12,4,80
16,12,80
9,3,80
10,7,80
1,13,80
9,23,80
8,14,80
5,20,80
21,1,80
23,21,80
18,15,80
18,0,80
18,15,80
13,2,80
7,19,80
0,4,80
5,2,80
0,17,80
19,6,80
20,9,80
22,13,80
22,8,80
8,14,80
12,23,80
6,4,80
13,19,80
10,12,80
9,4,80
1,19,80
23,7,80
5,23,80
15,10,80
10,7,80
21,15,80
15,7,80
22,2,80
4,11,80
11,21,80
18,20,80
7,3,80
18,17,80
22,16,80
6,13,80
4,15,80
6,14,80
6,22,80
17,6,80
9,4,80
1,2,80
22,3,80
0,8,80
7,9,80
4,13,80
9,16,80
5,20,80
21,12,80
7,19,80
5,18,80
0,7,80
2,8,80
16,17,80
6,0,80
16,1,80
7,9,80
21,15,80
16,2,80
5,11,80
9,4,80
8,4,80
21,9,80
12,1,80
16,15,80
21,12,80
14,17,80
15,9,80
3,22,80
18,1,80
23,1,80
19,22,80
7,19,80
5,2,80
7,19,80
5,23,80
23,8,80
17,0,80
15,16,80
13,11,80
8,9,80
4,2,80
17,12,80
8,7,80
10,17,80
15,5,80
9,5,80
10,21,80
15,17,80
18,6,80
5,13,80
17,14,80
8,1,80
11,5,80
15,19,80
15,1,80
21,4,80
22,3,80
15,5,80
22,8,80
11,16,80
11,20,80
11,17,80
11,17,80
13,19,80
20,6,80
0,23,80
5,11,80
13,15,80
22,0,80
7,0,80
4,18,80
14,13,80
19,15,80
20,17,80
16,13,80
18,20,80
23,0,80
9,14,80
20,21,80
22,7,80
3,5,80
19,1,80
8,13,80
22,13,80
21,10,80
1,3,80
17,1,80
14,7,80
19,15,80
14,15,80
14,8,80
15,20,80
23,2,80
15,2,80
18,12,80
21,10,80
4,23,80
13,14,80
16,7,80
0,13,80
14,10,80
16,9,80
2,22,80
16,7,80
8,11,80
18,10,80
5,9,80
3,4,80
0,23,80
9,10,80
16,2,80
4,2,80
7,23,80
10,4,80
20,5,80
13,10,80
22,2,80
7,13,80
12,0,80
14,22,80
2,19,80
2,6,80
6,10,80
10,3,80
17,7,80
7,15,80
1,5,80
9,14,80
2,13,80
5,4,80
21,13,80
0,8,80
1,21,80
5,9,80
21,16,80
18,4,80
15,12,80
17,7,80
7,5,80
18,21,80
21,12,80
22,23,80
2,23,80
14,3,80
2,6,80
